00000000000000000000000000000000
00011000000000100000000000000000
00011000000001100000000000000000
00100000000000000000000000000000
00000000000000000000000000000000
11101000000000100000000000000000
00011000000000010000000000000000
00000000000000110000000000000000
01010000000000000000000000000000
00000000000001110000000000000000
00000000000000000000000000000000
11011000000000100000000000000000
11101000000000010000000000000000
11011000000001100000000000000000
11011000000000100000000000000000
11011000000001100000000000000000
11101000000000100000000000000000
01101000000000010000000000000000
11101000000001100000000000000000
11101000000000100000000000000000
11101000000001100000000000000000
00100000000000000000000000000000
10000000000000000000000000000000
10000000000000000000000000000000
01010000000000000000000000000000
00000000000000000000000000000000
00000000000000000000000000000000
00000000000000000000000000000000
