00000000000000000000000000000000
01000000000000000000000000000000
00000000000000000000000000000000
10001000000000011000000000000000
00001000000000010000000000000000
00000000000000110000000000000000
00010000000000000000000000000000
00000000000001110000000000000000
00000000000000000000000000000000
01001000000000011000000000000000
00001000000001001000000000000000
01001000000001100000000000000000
00001000000000011000000000000000
00000000000001011000000000000000
00001000000001100000000000000000
01000000000000000000000000000000
10000000000000000000000000000000
10100000000000000000000000000000
10000000000000000000000000000000
